10.033715448509207 4.108782602733335 9.807727410558044
26.12715328117691 4.239312053833356 7.4949737498256574
28.94046084799734 4.424344734450717 6.961418680692781
36.833458809109544 4.27374176581631 6.471420736394696
43.942790242176656 4.362599880113462 9.743050715508588
50.171080351437006 3.8061812393632914 10.87401887526083
50.987550476036304 4.36456264803968 9.377990415102545
52.15733764051043 4.106817653830402 6.304329139005632
79.39384421211237 4.334276939834417 10.564463346406026
84.81419614561074 3.8815488976704318 9.588397411595803
99.66997390819708 3.915979946615318 7.371003477771874
103.99958192044772 3.557027547728396 6.704129410863148
115.77081557803041 3.7572101379312626 6.928490041804379
133.19519744392372 4.240912303633616 7.519274714248382
134.6131444689422 4.339514726649653 7.8264568246526345
148.3573926004649 3.759096575497958 8.271933066214675
191.41377206685482 4.260646022918349 8.250787086297798
197.81768378127754 4.40493572498197 8.201327025266876
204.09708393691037 4.012598635416415 6.776272498281868
214.59129569414114 3.597681405221573 7.90198989060684
223.68293206546127 3.7171916794946775 10.434052162599114
235.19924089091785 4.325768742191661 8.131543600901832
292.7600206839219 3.522994439240298 7.204773264827322
295.21597697071314 4.34483434492215 8.047749453119664
298.74687191972976 4.238894028054425 10.94723225988805
309.6471043773498 3.670257937083991 9.97381530195042
326.1979387991372 3.559612856133121 7.395182905495879
327.6936697549311 3.5493142922461334 9.437397532658936
355.69738765940923 3.9344297824430607 9.594201766480644
364.7936252230284 3.6779259318790403 6.0594728261326045
370.6038429461576 4.362832710936405 6.070148149252432
388.1178773624671 4.35210718090072 6.3586145471820545
404.76340903534543 4.383956076049032 7.061219681308291
416.96856705307437 4.471901255428168 6.932639172976238
423.8207247975349 4.491085857389576 10.238462405465
424.09748528330925 3.6256652671084595 8.018639003601288
428.73841495740254 4.439678034185738 8.600511003547247
443.5343242594568 4.168109478019264 8.797831669719457
446.3308831296253 3.648424747552033 7.068517318535026
454.2458049069534 3.7625076643274316 10.751660023953672
455.1149988335049 4.300943483473562 8.866859921914003
497.27459930532325 3.827663235063668 9.732226503114001
500.1146013845426 3.994094737890181 6.705401089672776
505.93654161272127 3.5733123919178023 9.821828486576724
515.6594082472169 3.5309677839914273 10.843162724673501
530.468561945469 3.7989260674690195 8.849051977827934
607.810276730428 4.487370441263707 7.839248124891792
623.6060056471216 3.7550183240037773 8.759952178071071
624.3161051531033 4.095182774673819 7.673131167522651
654.1033394039503 3.7888160538974978 10.390478160071009
659.0489472817278 4.328521897871686 8.86809115746048
664.9940570542556 4.4770379022926905 9.009753043527073
683.0890468632982 4.178681594303248 8.558714312233167
692.0808988213626 4.000428241444736 7.648518213743292
693.8733890605694 3.9855458371037624 6.082917299774064
699.4515699815058 3.8420337956419965 8.875786811864772
709.9340239781179 4.204411439966894 8.970985368541502
710.8258700231067 3.9288769409439275 6.483032352268258
714.5661570565131 3.892618657895669 6.823947541378588
716.6069493719411 4.115745533126256 8.833047059989504
721.9889842842804 3.900639919016048 6.541384793805952
726.946800137035 3.8489373325221083 6.812365466897031
727.1547431484082 3.618382285731084 7.565778513262942
744.1819554207752 4.041865206933732 6.007797200657072
749.5364819553838 4.302869347617792 10.698247166635172
758.9483769599559 4.217032738803125 6.7051563416778
770.4393059970175 4.085180572924754 9.700313273094926
776.7742563355409 4.074084666731328 6.85186212582756
779.3737710730146 3.545414646065653 7.794681867031689
788.5658338295854 3.513352212155217 7.911162379534693
802.3418880290087 3.500246131151133 6.262349776306519
834.2250243241127 3.9799720825892098 9.580692684122484
848.6837032260073 4.244277193517268 7.213480463440118
888.801180938288 3.8082179625400374 7.236231701752751
889.9555958883695 3.9281225888334554 6.194448535588468
892.9983151862368 3.754148436426302 8.088048543963692
905.0215408504433 3.662688449808349 9.618689555648714
906.2679361490257 4.375887791658237 10.294391165672398
911.5304210561742 3.630082759848886 8.835863087900997
926.2452913697069 3.984437877185882 8.319882824527294
938.783645523748 3.9843685591433027 10.358150324357439
939.3932694682749 4.14498341771769 6.135636804352677
940.1148679297253 4.175674114753784 8.569788442094499
945.5609970236249 4.2714180541369675 7.803723735463621
964.6634551792494 4.362530639286048 7.747305216448726
969.8789191759396 4.087992723405209 9.772632158334865
974.7089146011534 4.3714890812691785 7.780371714362232
975.2605752206331 3.722185077664097 7.5731759345981065
1007.8536676265227 3.9185037234599767 7.251832543308803
1024.6392466323766 3.921589613453421 10.405375757359444
1034.5145248234103 4.371966916537858 7.235518820700685
1044.8569081559033 4.23491800569433 8.986994248668552
1062.789620214171 4.0039952479106855 7.682828663708716
1100.7256432577813 3.84939114848528 6.5013453248759365
1109.7716918119902 3.989291269740008 6.195590033274147
1127.4194729959156 4.376547655179354 8.959331073890342
1134.7323000906274 3.7165465769174197 9.923932354378532
1142.4597695849905 4.010739305577517 6.301667717274861
1147.5672856329704 3.8260618722933506 10.816977538652537
1163.6251734359753 3.8469123533104126 6.018310265475099
1167.3582135180789 4.182142390105692 8.258491981661159
1200.4693165685146 4.342158051163091 6.243536057056266
1203.103631142953 4.245678774983158 6.718185125739739
1229.759527664293 3.8721030514666035 10.28895882783234
1252.2649611903723 3.9459358395579036 9.390930826296627
1306.36965453189 3.5870383382739246 10.06593700492841
1309.9460490529216 3.804381511847371 10.718539244527687
1316.461719372672 3.8452796460015866 10.382884774505035
1320.7153150810468 4.2038804927764515 8.594208257395449
1324.2157279684034 4.0149935228542 6.3458268224426595
1337.847150096271 3.5881099204367293 10.746410044258909
1351.1956477224169 4.076050605839349 7.929677377357775
1354.031388918328 3.838210338563102 7.655285494984362
1357.769852521438 3.7762453489287235 7.9881003126019445
1361.6712584192496 3.545745479932471 6.635305709298577
1363.451119979628 3.768205586022364 8.608812140468121
1372.0274886088503 3.508793541618977 10.77684330826083
1372.7879015876497 4.155358130364347 9.746140537906154
1388.3617028169397 3.782577897730147 8.119099072173904
1391.0007301888359 4.085370538374508 10.700852789426719
1407.1200750891899 3.7838867783532857 7.5268195647596805
1411.2804838125962 3.7454470521454097 6.606652195405443
1433.8668306488482 4.262003643988533 7.895743388289954
1436.9532328351652 4.414910164723659 9.025797606472675
1442.1014080380291 3.717267601047441 9.527403408285172
1452.5517866045736 4.050541742475879 8.5895103776121
1461.129784900133 3.7502182334314003 6.981082962721219
1479.9219868565358 4.398652948041548 10.062805076475868
1479.9287979426251 3.6559779068059632 9.529396565079445
1484.890120969789 3.5158970352758168 7.665479397637211
1488.99193154866 4.455764715783741 10.650081600955849
1489.0407526111644 4.055962159459023 8.691364922528257
1490.5758094170765 3.645107045961474 9.795560446661995
1501.2363578858358 4.397788433297605 7.69173819501245
1533.4929098068815 4.294093738960294 8.570814255759812
1534.5086316444706 4.1749497163925575 10.741689400738045
1537.1254848558176 4.348592959543973 6.295471642455207
1557.35589954136 4.146405467137815 9.710387231547035
1559.911947187732 4.327567873276381 9.960566021512864
1573.5522701051318 3.94221108184795 10.951563385599963
1580.3616377894716 3.8526069222132757 6.790685065840291
1599.754270534535 3.792354913111819 6.993152787461353
1621.9129936617646 4.451590892317982 10.83951353719414
1628.616363147522 3.7302402620214457 10.375710692881107
1646.1080913000999 3.90056785957948 8.195114639830225
1649.5520323054197 3.9081636894625995 8.21016680379078
1658.5382349502268 4.0374480053502335 8.206159639030876
1691.9170766764057 4.432915352002105 7.516192238985142
1702.8311303899613 3.788413517864228 8.912371136643108
1703.7937363926374 4.203794840872762 7.35124690961319
1712.3805715916994 4.1739955599635 10.006778849681625
1723.7291287783328 3.721219666223128 7.990723349209439
1739.421091408376 3.744799281965057 10.324269559369082
1756.7531322470982 3.8142527841564893 8.044349681024736
1757.649668443721 4.375379334277497 6.419936261103858
1807.485171327349 3.8470280774540253 6.4107420658896945
1831.6572510735382 4.4686215060383345 7.120190139887944
1840.4204256146409 4.2944982958381805 10.558095248092084
1840.726337359447 4.094326512496816 9.709560546170302
1846.619929402022 3.652265980216289 8.9335753517963
1865.8984364203138 4.216559250938905 8.981775387594631
1880.8788582350912 3.6368870672917275 6.845819931906515
1894.0953298539905 3.8238619557182836 9.171477078185791
1899.7282029364687 4.151917265198487 10.84265236957675
1903.7744968366142 4.0493728361092165 10.478165629949967
1906.5507341364573 3.6106127675851676 8.203679319569208
1906.8050480762272 4.188249542397574 10.795683727803787
1911.681899317797 3.582060299309725 10.16843392811283
1923.1785204863104 3.5752477479037803 9.985232422043016
1923.8255462218272 4.022509953289113 6.905898104985455
1938.9529850550744 3.530017131956181 10.80801214953323
1944.396617426173 3.6528473514085813 8.892035647026315
1947.470509409339 4.411037127900636 10.939602473581676
1969.4553884185966 3.5255023584226723 9.018055805796312
1979.015760672817 3.883518299084162 6.503379916545213
2005.3207784809283 3.9165510084999635 6.963940824907362
2008.0985805322337 4.3402366278988955 6.309105221635589
2008.9982387382458 3.5092051409940312 6.660093003644974
2034.237440795285 3.917337953044763 9.514731087615928
2040.3503345683653 4.30099196482657 8.151930493834787
2049.1281944410416 4.310848867269185 7.386076834855154
2065.1370958241528 3.5752530146095967 6.921656448363228
2073.4861466085486 3.789993310304718 10.745499867769022
2077.6286322990236 4.4752278978844995 10.928112196026866
2100.4946312308834 4.4787487118196525 9.82403826858156
2102.9984282319933 3.7919361085003103 8.16955963703583
2112.4405996481187 4.091042477063071 6.60740544640108
2123.611042200602 3.5102132324612683 7.065165058051625
2126.340166286786 3.5775617251088017 10.539991562912645
2164.7226916619566 3.9330367384463236 8.78304215398914
2165.2648733217766 3.9631882973260226 10.550155484381193
2178.204007530662 3.928014812337863 6.370954157759049
2178.737416164273 3.833869532279075 9.488903187677888
2188.8495310326475 3.854129498273748 8.597375580739335
2198.80286862638 4.151988572443512 10.039818917781464
2213.0720152835092 4.116211036303536 10.979204978941198
2213.723899638172 4.225950017059143 8.887931617261632
2224.4567509541343 3.6438489679159196 10.767536457139851
2235.166874458613 3.7727450271165446 6.591688831049929
2238.1814964321816 3.705159313761567 6.6269730763225585
2263.030601470476 4.381625720771937 7.208947587199707
2279.057277854125 3.78181415418864 8.956678362923103
2282.026074190264 4.396646785048243 7.465497093750754
2291.5959000770217 3.674890496959422 9.82898219160685
2303.8703527843727 3.960566098887161 9.415059553275679
2319.8223065131265 4.315637121240049 6.409419408472732
2320.1905786239895 4.459117167861373 8.25220863143868
2332.673547921837 4.359160838145225 6.643478245570753
2339.2293925280737 4.390957273533474 10.48941002383155
2343.490800788752 4.176386992293038 7.092453320559331
2346.997106668765 4.2517145694446405 9.957210814924391
2348.3650601465274 4.198375756083698 7.542917429249654
2378.1880723242816 4.47499617391624 6.027075752563758
2379.758742607034 3.570752649887795 10.724576297658498
2406.4095262017618 4.299710087570807 9.141142939764961
2415.494615802311 4.168094791270432 6.413194597935358
2420.9831087468615 4.33571366155537 10.989882239781288
2443.053591603563 4.149904713308485 8.430269986036464
2459.424316839686 3.6121791756925354 10.142766978970515
2464.5592390348224 3.5306313529225766 10.826957357977701
2487.734105596257 4.378278672148326 9.186901498241792
2488.992791461888 3.5427288963967847 6.941718679686926
2543.845125347578 3.837866476214868 9.35319427686126
2547.3799659761958 3.7535006257740475 6.9577898418507385
2554.2781098849787 3.53312026082698 6.433127735938706
2556.4487818297475 4.428462936358176 6.374812256468239
2560.0358590575556 4.393601643731226 6.956368686854933
2563.7720746537807 4.045002933665061 6.2138070199229
2574.7184684710505 3.5531532576735536 8.631592631737224
2577.3960657762004 3.513672980015167 8.905580722680192
2581.4206592563546 4.232495243220058 10.444887464962271
2584.1144955281993 3.6488986540484776 7.428878428386654
2587.2433307133037 3.53711439066911 10.426127985520104
2606.6044007239784 4.332578844995084 10.733693314473609
2615.7511416923753 3.608050154149394 8.27973527193168
2616.8713317335446 4.08352661664675 8.70497121200836
2629.624130893556 3.770518382473419 9.540365985349116
2639.6268094031243 3.9554855986723165 9.655830901073653
2650.5637102832484 3.969163773517301 7.61792496820703
2656.7635770726984 4.115238440288332 8.661155136851047
2695.5684348337163 4.079480861054131 7.282385277552688
2698.5146575465606 4.097094829811077 7.749015360934141
2700.1045680732373 4.381511179261435 8.365198972575858
2700.242159349333 3.9899053911445033 10.541388888935181
2709.975124227666 4.295507580892965 6.294942231021185
2718.45409170715 3.968645199072616 9.69088846831604
2721.646759041801 4.003193378310224 8.837400658369319
2733.0427899419824 3.6787054180548933 7.201709307968774
2743.582265272094 4.147364121033408 7.532050924947765
2783.9099362768497 4.312672584394172 9.59294853831948
2788.6480544419373 3.7221539224469957 10.679155307145226
2789.40772652388 4.40263571319645 10.987260147593059
2797.991128081452 4.121634443828617 9.581903285195045
2798.018455465105 3.99880562769898 8.924422759492302
2801.605210713686 4.069752098494275 8.973708931916494
2820.532118171679 3.8996774143442563 9.207861078232908
2822.8338175541817 3.501752003410852 10.953650197618924
2844.7449335286374 3.8536413726769436 6.3660166029359715
2859.4889062311304 4.487473845428771 9.663491578145393
2863.0106159529505 3.6184615617801796 9.633503428182147
2871.162909772863 3.7826604461061457 9.390316718608222
2881.4286875830753 3.6789949029746927 8.46323292690513
2882.0646924572425 4.35051182540404 10.844145251426195
2888.7380571041185 3.9025039163383552 10.12371311577724
2899.951185318292 3.769720090399428 10.792500670550218
2904.196411896969 3.8878455043610205 9.716719442823084
2914.089619261275 4.042097565150338 6.521881444199021
2917.624082298171 4.340669461235461 8.382277277197371
2936.3754621436838 3.8400288365432154 9.622912842381297
2937.9126135647666 4.174780793404885 10.207200031778239
2942.287315012034 4.114083745136357 7.823123142709498
2943.2639396575532 3.9844869607678 9.837104007911366
2956.5173291357987 3.577788538675635 9.579453940604395
2968.1430736070943 3.521634534820173 7.938601035225976
2981.7199178513824 3.917291184812285 10.245775738152403
2986.1874496247865 4.462524815212107 6.607201646480972
2994.6082236275097 4.421509878463376 9.356643420511688
3003.9213730592996 3.788578617054478 7.625202265916776
3004.889717678423 3.611930339706919 10.01018096338191
3006.9178350782418 4.011048066936052 8.814711256290964
3039.5735342634953 3.956451248695779 6.935143189408251
3043.5085888176877 3.7085335167401885 6.998141991069874
3046.1932974775777 3.5629655985579736 10.829246709588512
3046.63112677839 3.7908655106901454 7.418690365829024
3057.060592794743 4.278358190558508 7.432003177023141
3063.9424756570083 4.306937079893811 9.652672732474663
3064.3142398365726 3.939636482687844 9.391253972502364
3068.3332256304097 3.7580646578868624 7.097111275125505
3077.835372009841 4.0370757111674 7.613405793505423
3087.3557956588825 3.7696820430648996 7.141254320867558
3118.555240514074 3.629276657996511 8.379192906073602
3123.595549437626 3.74592544839802 9.901269664533478
3125.5133890801426 4.04919419968019 9.110143612931715
3127.252232363779 4.442788450532497 9.294250253678443
3130.592329478249 4.1052156386064445 8.167396901781075
3192.733138800987 3.8898185745139457 6.97100446016165
3212.9139617186265 4.155427116187857 10.229587305020143
3214.254683883538 3.9013793668052172 6.28129727883009
3216.3095909309227 3.856259884655225 10.355795632162941
3219.771274259476 4.211526113440131 6.267632333579209
3220.5333287919775 4.46953852048665 6.042492229915708
3231.737112617327 4.148918706756825 6.18165510402614
3234.1536451171855 4.371213480551257 9.938517700537702
3239.8443167642936 4.149641738712378 8.726684650593096
3266.0058968265735 3.8987430685750573 6.399794074095345
3282.8512203704627 4.075382858894666 6.878204045101431
3282.9394758095036 3.880899643932867 8.409048602637482
3302.813024772381 3.9194432933867827 9.748899886937023
3322.2914475745984 3.920297816373209 10.995232823359714
3332.3648620535355 3.6312915394410634 6.105980133551321
3339.044134416649 3.755996568434912 10.836667644430467
3343.944203972746 3.9832748098072677 8.976119616386866
3348.2640762495435 3.6877902529440334 8.470621164011142
3360.673659344202 4.349329933881811 10.47314180286319
3386.412957685886 4.322887046700175 10.629576886782608
3392.6923104440566 3.6895582752200227 9.516440049739957
3393.095740718873 3.645570189933897 9.953160435734754
3406.5887341367793 4.105163033595954 7.740881587505877
3408.2310136474803 3.651171032594119 10.987173342031724
3412.032081144861 3.990554290830596 10.94751572593368
3435.4770137967357 3.6615417862124 7.1996944578642825
3444.1254920394094 4.317759624789191 8.08080666889651
3444.729594398931 3.6740653488991133 10.09403281170703
3450.015277703185 4.300924678962179 6.267668917277239
3453.8304864097904 3.7891044198383224 6.927414621774988
3455.4022250390863 3.8593332374016693 8.12405259430782
3460.1050993930303 4.274674381491839 8.164834661483265
3461.353153287894 4.497116687578133 7.738390878100361
3464.795091487568 3.851341767477706 7.157408468247373
3469.9990948736736 3.713656835461548 7.742249878030246
3479.105451176799 4.3749675087367255 10.46473365993033
3479.4660527916394 4.23975206460259 10.604775213461497
3486.1550294159942 3.7913363665798876 9.621524832530293
3491.939230596742 3.8599279161077336 8.58661757514891
3510.7562072514397 4.3997701504699 9.887298042406194
3512.945000282739 4.01491843852322 6.903225165658426
3514.813913788157 4.291105513613132 6.104283118656286
3533.2877694193107 4.477952527018045 10.809481260465247
3533.5027680336293 4.355228708987522 8.316126867189665
3545.5729018945467 3.6634589874798626 7.659929680660289
3561.0005946581073 3.659499996636508 6.7184394762074096
3566.8325603800204 4.255702399988995 7.022546339468942
3570.7426162499646 4.2130865544747405 7.725604633941401
3576.414758346448 4.392900457792072 9.856870678280462
3587.7920900115605 4.450691548566532 10.803490994641688
3591.498305557618 3.9966214159648743 9.032578020061585
3600.3320155257875 4.335549506467706 6.101190248096682
3603.194545183409 4.154464190157502 6.378236110353965
3618.001245656978 4.171080210392673 6.5612454685653345
3623.5389024376227 3.5046906405761473 9.912553135252423
3625.6502157284776 3.6977656254158364 10.689474087941717
3632.8353054995873 3.8048345481598678 10.306734478671203
3633.56643845723 3.9427488312238967 8.795466525352598
3648.656970276043 4.374464234358291 9.688847494791505
3695.0213254787736 4.4157419020930755 7.01220722822843
3700.7200136562283 4.189439952509676 10.037152985620493
3703.5475621613937 3.7443658889306706 7.970786438147879
3704.7068351822077 3.6593329405713106 10.87373318703695
3714.675542497571 3.7973430483826247 10.983163912970133
3724.342217402263 3.862135262298314 6.41340923854431
3743.8296795139336 4.435309821250641 10.742212278474126
3748.0072798452406 4.295302699922398 7.3212271417976025
3749.612026437814 3.927848731216871 9.653916430335546
3780.723237876813 3.646848845351304 6.720216510001328
3784.9601894072994 4.00931118067034 10.928462361793022
3790.379894748893 4.490111850695949 10.233948399674674
3791.1338047945083 4.074581149995287 10.143422338038611
3799.0295715329635 3.86057209290783 6.46091284166119
3814.218524496996 4.265841296061253 8.84195889319743
3848.633548738254 3.542373792633611 8.569674493235414
3854.622735148794 4.337264491519069 7.409261139406901
3857.321938953732 3.963964400776499 7.648064388377996
3866.907465839667 4.3640523121483135 7.01095244968489
3868.4584147055975 4.499281715991183 6.849618700169595
3909.1883260592426 4.076228228752633 8.3270967440937
3912.244730168663 3.5555828944737367 6.683295348989819
3918.8567575053617 3.83264136140223 9.994853604526694
3919.2604814443853 4.4980156007132415 10.43076087345654
3927.5778190421433 4.022046215802085 7.877382803494928
3940.438557169519 3.945981484697833 10.406656079702952
3951.067281293458 3.604003421622453 8.741759204168792
3954.9967412524493 3.605886290570813 8.03039850492177
3968.1463384062463 4.361208672412519 8.615330636478994
3970.3508082359576 3.6439255920137734 9.510528691532546
3971.5029732457824 4.395438050734828 9.106931833099093
3975.194134697568 4.3364198943428125 7.981236881378133
3991.65633112189 4.4806846231673845 7.066139187104911
4015.245581501465 4.116145713647692 10.915532856912327
4015.8260553165715 4.367034682017403 7.8045164783912115
4016.3188695045387 4.408776296189714 8.815187337403804
4017.002209893125 3.9106214554061562 9.133680685485915
4021.593845450407 4.285672637144186 8.058882716743472
4037.232325312577 4.479122561646926 10.280582135046687
4044.3575807646625 3.82200117506788 9.53140386240762
4044.911997283406 4.3840103080255055 10.889364665094982
4046.441708044994 3.954080987682226 6.684646095822418
4052.8578305053156 4.230413893929106 8.782889569828939
4059.736662068047 4.036324131436906 8.65036151722039
4065.621897386343 3.62097641450936 10.014325453387968
4080.4963651461044 3.616084657119581 8.20145107463686
4092.3292816747753 3.936071636953128 10.230586645140153
4097.045471965607 3.976191875427217 10.83793441359129
4098.858696596326 3.9734155337311954 6.3923788714467165
4107.8523331693095 4.090996471793357 9.55956279738297
4131.243654402996 4.189375291982415 7.950997830260226
4137.732167520446 3.671014260384756 10.727530873612924
4154.279673357275 3.5730794675809716 10.24203669162351
4162.580043005653 3.7402184032020154 7.566205041362656
4180.469877660183 3.6348315647878464 8.320997865466039
4181.214516684231 4.1266576435688425 7.007974949954852
4204.534584942012 4.406711551378342 9.916428937450576
4228.6672352945 4.331556923806557 7.062774643798096
4235.759060608739 4.239186077095141 8.900537956335636
4237.446895451438 3.8944168029350017 6.2760789936786185
4242.812332367289 3.7111622577609618 7.150659865312125
4244.619705811209 3.8281419389244853 10.810048841526271
4247.520835530998 3.974175490344477 8.331355700678769
4248.541488238485 3.537394780462599 8.971665324171465
4254.427635881985 4.141671644351752 10.636918227555917
4261.748675792271 4.177785376078887 10.210749400392004
4263.785137855781 4.21987495808011 8.05067078538656
4268.218853364132 3.7706119735429118 10.668321126226143
4272.54929927748 3.545111110420006 6.078953114496778
4275.860913048356 3.991880694920314 6.791142471294625
4289.406356926434 4.331423091160902 10.411342211627606
4299.096657246194 4.276775438056551 6.734085914328294
4301.828955103919 3.843786844533122 6.851281333707373
4315.927571713623 3.902564033146508 9.991849114023598
4331.507200165975 3.9053170431949513 9.443510364366603
4349.674471194571 3.667592748678519 7.6679561591326575
4352.768055606801 4.273600860575373 9.132606865195074
4361.178404649673 3.7646233826641464 7.374837882178434
4370.896690025379 3.751589507083292 9.351082608780743
4389.101976448659 3.678747718578507 10.6629325667623
4393.442682925464 4.25256780053253 10.270788984371665
4396.047608830377 3.6876055248136983 7.3097485608636354
4396.996770620352 4.310481990542884 6.193871816734108
4411.680455015087 4.478865643345196 6.79665175339043
4415.994805397092 3.8363646805806626 9.993669872798934
4436.551076966918 4.013283597858834 10.69887834022887
4440.037815058329 4.167669089432796 6.903084757365714
4444.96705579583 3.787415779985664 9.655723725124485
4459.805329995336 3.8545594734216206 9.410948615742258
4497.781160940662 4.297386684827615 6.073762331957194
4498.321377679395 3.663683583437092 7.770566283964676
4499.447490827984 3.7609656287939353 8.59151353679378
4510.630464565887 4.270828401125297 9.823715197542057
4535.611808782669 4.070406926570691 10.162439382438645
4564.5922011272205 3.630047977288717 6.167974228783124
4580.307689009783 4.497079310300046 10.412220645414191
4587.152545291475 4.3669329832555785 7.282095054799572
4587.36816087933 3.8665235530976094 7.2870478099034965
4621.922872173584 4.234995953243675 6.3604324197204996
4666.865193043703 4.056932026278043 9.972307999815108
4671.158551460715 4.499108958379241 6.555637057218675
4672.27018829772 3.8705713149933194 6.307942627191148
4679.780777185346 4.142885512159586 8.296424448971504
4684.45376946394 4.266710928193986 9.082557456736382
4684.9657718254275 3.905036352860891 9.365653971166855
4699.97379150768 4.14123802210585 7.246507961742455
4702.285162869983 3.8891442631173283 6.155346711530367
4703.148861937777 3.8396690389083816 8.264851538194874
4716.262104160703 3.865378270592821 10.13396918966254
4721.51918763251 4.3990633399634245 9.2909645286285
4731.517781189081 4.017758905127632 7.00941470996921
4741.534893512651 4.0704825755554 7.454980560750095
4741.667595795417 3.658564607548322 6.577258114662302
4742.590588769625 4.3069851362738545 7.458508541788754
4748.17615356146 3.7022168488973284 9.818761290775544
4784.9530247559605 3.9165603915633627 6.532322682840926
4793.278460591356 3.746772911872147 10.924987532058072
4816.015487417188 3.559545115281842 6.911532981179452
4816.199024737493 4.161661260560745 7.727468498110704
4817.258426734225 4.003100484532566 6.862072362011601
4831.942493270842 3.553794404668205 6.0444688366313
4839.46207811475 3.756968192851968 6.1686278111914845
4854.84127316151 3.7407953441907194 10.57863393402689
4869.5397555743375 3.665565659719904 9.963706456313927
4872.680961544339 3.6381756084895702 8.60436840188684
4875.4042316402865 4.117340276130057 7.321707724100908
4880.21972148531 4.439918697030284 9.888419394406615
4908.834862111207 3.9732772923134325 7.393532715516282
4912.907291352611 4.1576032885184215 9.952473947458142
4925.755403323141 4.442639649389528 8.00609681684518
4926.29382992413 4.334143208441839 10.15258801835622
4935.245973946944 3.500412415548694 9.211634179278597
4948.895278330194 4.35853009400338 6.21975928032689
4955.806411358848 4.349982314434111 8.766286308025919
4956.529624711233 3.970415045597833 9.099621818137853
4960.721718624256 3.791945400201293 6.2364490714848335
4966.6087019047045 3.7007179794700997 9.550233886676269
4978.821969622708 4.241131463048969 6.524543924969477
4986.829824321225 3.569232545004557 6.319322269237528
4994.465646182767 4.263793620464611 6.770136577437753
4996.177107889082 3.945819937666202 10.43168102784183
5023.238827008974 3.5680777466309967 10.491497480979692
5051.435936466374 4.156553437524565 9.261566712712874
5057.333343763917 4.311286079305052 10.90547824817564
5060.468078321539 3.7772710006183 10.463824347916944
5075.29503946143 3.5440942753317124 6.614320867588363
5076.356238905958 3.529616276820293 6.1709386630431435
5093.468418294244 3.639650221771149 8.503071571024744
5103.752994342238 3.6621247908709447 10.904414878751608
5104.428282085771 3.952148998864476 6.048881713756448
5113.204566638185 4.43340727556003 6.184067540343243
5123.372141940101 4.449780390836349 9.922372649334651
5164.519587118098 4.111094120305865 9.282202297278767
5166.785503574114 3.609796870346692 9.502993123152818
5176.894488605 4.164020434485772 9.684236053393636
5176.926090069933 4.494530848481036 8.300246199039442
5177.462139155093 3.842640495872546 8.946033489727327
5180.608004161679 4.438515003890097 6.041375769719543
5181.927550734704 3.8003661493870178 7.54436956019485
5192.74584251015 3.6260676080425185 6.971863175110297
5200.455062657883 3.7741754297176913 6.605357171974977
5214.567627298742 3.6276547082573156 8.41595625947493
5220.018313284071 3.7437180190390245 9.145872293641599
5239.161510462634 4.219891003286274 9.37813321660941
5263.206165957222 4.471477210631748 8.16983129769781
5266.009177284689 4.030026577119467 9.237867965214908
5268.590112689624 4.05890101447687 8.79241783134599
5270.873547464557 3.7257740466424742 8.793682512184699
5272.281467878981 4.469964579883644 8.080916251696861
5279.60801877271 4.05513521458538 7.316535817067549
5314.809120232248 4.39226909165264 6.341620370843638
5340.184077954509 4.39024747912134 7.523077673575156
5356.988199972406 3.56778842380168 6.214862300882523
5359.608694529056 4.486075558550205 6.663082737889572
5369.631917802337 3.61263522304595 10.974271777146669
5372.928787918409 4.328314617277637 7.391621023819336
5373.042350138009 4.41285967992831 9.27474287126259
5373.295279212721 4.03723084534657 8.458703722622428
5394.206429664042 4.034923474528235 7.647674103109029
5400.333658781292 3.912332445281976 9.710257958403002
5415.906830736664 3.7645740048286873 8.86958074502373
5441.343241233969 3.5675763180467737 9.764095988386831
5449.959944373091 3.927092635036158 10.432519892674705
5471.974170250553 4.419054438329699 10.52385454460014
5477.840346324617 3.5387297885198676 7.750622228000824
5483.928832785265 3.9190943570409793 9.202333670155092
5485.434700065837 4.473146597667413 7.585461682544246
5487.437249486146 3.949450687393868 6.935862474568352
5492.301463075298 4.155188357216819 8.856699702453664
5500.171036143496 4.025573044288235 10.889487037777911
5508.655688975847 3.6979539255596787 6.5179682732923325
5518.26966520981 4.473550496731266 10.441190196878441
5547.420360980385 4.35483522327939 9.020265616928594
5552.921027721779 4.050019431972481 8.48446236440742
5561.282180299837 3.9938500732701034 9.872018682448392
5572.787947429 3.941950643247254 9.79418704811684
5573.565235580949 4.438588988189179 6.924066690757718
5582.759283021857 4.446586450672062 10.304061281968568
5582.764697444902 3.5516420013499164 7.860197213252109
5586.519823412441 4.427637733251438 9.184420218130334
5601.3863244576705 3.669136700118347 6.657242037579172
5620.715367926684 3.9678347664629734 10.296984189638785
5624.947595553971 3.94617367063399 7.334074024926424
5634.076522657921 3.7166209244337822 10.302950292663084
5640.983498253858 3.76107897938605 6.288093539183302
5650.840521435328 4.011710770002617 8.011163557465931
5658.175545250267 4.335848228717157 10.719834110472302
5669.281114857025 3.733405424396822 6.903605715825495
5672.289518834251 3.5769033691027436 6.743784460387781
5677.9834632816755 4.030753434549499 8.024239123565785
5682.725860102563 3.656370574924169 8.637741301996993
5691.695522022627 4.0199195544160915 10.430862844563405
5702.793446116639 4.099344640549165 10.974934000164122
5705.624444435633 4.330625104246563 7.666973970909075
5733.252571824094 3.7690805463303874 7.459020900776784
5737.229792708245 4.425709769099761 9.567777897264904
5740.031085669083 3.889017249577604 9.632579203621903
5752.7585040599 3.5950437655147107 6.04093867487346
5760.637864776525 4.002598051788082 10.115184880503913
5774.572376349886 4.3711018562627695 7.944044938898228
5785.074987866295 4.306016852146577 7.5276774580561945
5788.342727414374 3.8636935694911534 7.809807289282826
5789.064722002613 4.480193676656102 7.087702982729548
5790.779736628811 3.949442104629104 6.982562097655989
5822.696544368308 3.545224525549714 8.380098410441832
5829.106378620676 4.109194375724421 7.43841584570504
5838.475511581012 3.9897219326839988 8.904595351310753
5840.6158422400795 4.418533614574403 6.96831499750558
5851.00424250498 3.9561943471224397 9.804427236676378
5856.855768692503 4.246420293294048 10.434347577372161
5858.183324194117 3.820211940031562 8.872174356896506
5891.239947144086 3.6665670918383957 8.037977959426687
5891.382055115504 4.366624355350129 10.401955927779284
5902.710174489717 3.5108134554111787 6.403286285500537
5912.262971222925 4.435044796348082 7.028915179750554
5917.373157053362 3.95311916838083 6.589325019913268
5919.130377198273 4.1614653409282685 6.063933418941477
5922.925361191782 3.8186588527942615 10.58485828605151
5955.6224532698925 3.9485230509085802 8.933951928986456
5958.986577914187 4.446701575938599 8.698570585856803
5971.129970825455 3.8478467457040644 9.788259427353262
5979.423730806718 3.9728503922851295 7.428054188289401
5983.990304162462 3.718386374598263 6.128081954221274
5985.609946335277 3.7573163191138637 7.741461538635592
5987.388814184806 4.244090923492979 6.766108919818386
5991.125275041158 4.318358848676824 6.382219993439728
5996.102099914113 4.418099916522597 8.168690852906721
5998.052625289442 4.174523714818856 8.94942814889885
6002.045094508037 3.8413928892699047 8.37466433937724
6009.820944627072 4.143793297145487 7.285657914295586
6010.818778238102 3.98508223728379 8.041799913483977
6022.7107439565925 3.9774155225189505 7.712809790232797
6023.768376032186 3.831159704485202 8.305529199116421
6024.2947025296535 3.765283523783472 7.302051360178854
6039.111781664018 3.504806001820457 6.392230680952468
6060.805499377708 4.005800817194521 10.197485350045202
6075.17920205336 3.9827291241130274 7.928372457056449
6081.964747661151 3.7948962661337373 7.205591511582679
6101.285941059197 3.958200373579884 8.09996405544464
6110.071358475715 4.036975649066966 6.034106891500001
6120.75298596346 3.5092064736233084 8.146869780450787
6124.8114270691585 4.1483383256845 8.913124463944847
6132.49880810931 4.426271581839757 6.304213523807448
6144.655444120479 4.131887416253113 6.934497478796558
6150.988945970607 4.0293284391482995 7.386016929697196
6155.025771512635 3.9297942777107133 8.4529855224767
6183.820584497476 3.7951413621431254 6.406835558955704
6194.499884463388 3.780010770237559 6.698754811967787
6197.90744071757 4.032155764917549 9.233432235085271
6210.418869894088 4.039691569789381 10.245015977951496
6212.274900185181 3.5064830385478016 10.087937158939111
6220.100325601903 3.8794076580058903 8.10278305025929
6228.7259596130325 3.9429697319789763 6.505681003472233
6243.405297218416 4.365209691778912 10.226817936289628
6262.033147138808 4.253230484907768 7.506170712401841
6267.622103449254 4.164717400030597 7.7971948651478655
6273.948152556978 3.948481330504148 10.448466780928797
6276.46731074239 4.316616680619291 6.094383879441124
6279.559681264773 3.968755910883071 8.555739852290358
6330.198052853852 4.120533196294566 9.14994985670954
6346.554735452263 4.415798270236142 9.631161440590763
6346.753038293023 3.9403085689859 7.376735722834383
6385.1170328547205 3.8358653337628823 6.557444813504112
6386.732360748595 4.238815752616418 9.595715360601172
6388.233094539574 4.163461983162378 7.829369380216336
6389.076073595017 3.989040833938682 10.318121759369628
6401.702227547902 4.1531176191727095 6.995020471099891
6412.418848156706 4.461602925476347 9.437636406897777
6415.851399013105 4.282530356631486 10.830677319247652
6418.238222506823 3.623669986413774 6.024767565051148
6427.464780695466 4.087070965384048 6.063804017635317
6446.360807785449 4.468563002171143 9.362304665923531
6455.093754768803 4.251122381980965 6.013697893323555
6467.325198227411 3.905300580021165 8.394068886305085
6472.637589953827 4.43260154392311 8.75339703032421
6481.221810077419 3.5632549793810604 7.276624862123458
6482.501021133872 3.6149050702957464 7.541808259289685
6483.522732882601 3.7030216131423335 9.05744990908791
6493.389277324115 4.207470642545378 10.056512279070517
6495.387153645459 4.217519066737143 9.538650600227404
6528.51977492637 4.281727047868758 7.803344440270491
6558.173443991653 3.824652716019988 8.244921244388895
6558.2610435889255 3.9675408306182316 6.818118654884209
6564.620600320847 4.399013498400009 10.723432721779329
6570.5344083410855 4.155850315419318 10.10656874230434
6572.6117492380545 3.8515202678828815 9.774413749166262
6579.262628663339 3.526059313494651 8.179122813142525
6595.978654001454 3.9100090868019475 9.36005955508351
6596.1883623434 3.733818486294307 9.618188943588803
6612.837763358252 4.311298973168868 10.651774029320602
6628.690606515307 3.5140007351150806 7.122340860942678
6652.691857646834 3.5991945030615726 8.392852428283197
6662.402815928776 3.8677245593983907 9.406462092265702
6663.559360717287 4.184641020335126 9.185978223009862
6663.981005393316 3.521805521739528 9.867096749783087
6684.104067880474 3.6392817673768114 10.269823188852282
6695.885640808452 3.5592915365467035 6.229747231773204
6705.156611408878 3.624734271913333 7.998954216535082
6705.574184979977 3.503364218311729 7.734049063971611
6727.222217369129 3.5629089687564903 9.37618945352217
6733.8203001458705 4.407771579259876 6.018046462688488
6738.53283708011 3.773334084226211 7.9588798878423255
6738.996491609346 4.4215137366012165 7.482643649906851
6743.492340284717 4.350436937908955 9.66634372915933
6770.780230774325 4.493208806730578 9.06995715458801
6776.315003421835 4.140249844337609 8.818902945183364
6776.7110662218765 4.332785019065435 6.95951112460198
6778.648541918963 3.518748922343024 8.635467678832537
6781.259656924257 3.664343437984737 6.983717797999526
6789.290628297083 4.380506242390273 10.511500279234799
6824.54384759193 3.6899660028449923 8.851835287717863
6830.754400674671 4.056598735540188 8.007590058748686
6862.652941640079 4.160374452922772 9.620623595328226
6867.379151016256 4.420390237641903 10.368910412401714
6880.454543764685 3.892406170173148 8.542948354556493
6892.417210089372 3.5185137940191877 8.86795670198647
6892.768764671187 4.170508178681104 10.091531326778158
6896.3728587772775 4.266951754596175 8.204653798729616
6904.132850887211 3.8461771615938294 9.611979751704858
6915.34694549453 4.319274740430936 10.755553097026255
6929.637255485344 3.847741319869669 6.225102453881272
6949.295797785444 4.048804086624865 9.483064422971328
6957.578672208604 3.708910883521832 7.407378597254743
6958.2780246068205 4.279804720584407 7.53750586313997
6982.121780095716 4.45686776240293 6.415831347257077
6986.496290145594 3.860815800864772 8.182245892756699
6996.067339163479 3.72544894113947 8.39144440092724
7004.725975173751 4.045749015568733 8.266113553325637
7033.230297258557 3.969629343229125 9.41381720590336
7033.907621457996 3.534556775043155 9.38606370875954
7039.946095095413 3.6468115981159404 7.964851775757675
7057.02916334537 4.324323384182254 9.422996817942948
7072.700105559706 3.8289303866528117 10.664300466271925
7074.608161073359 4.350795049124912 6.733675178125309
7082.994226861268 4.1232146091619875 10.427997305831784
7090.072132417534 3.994905723078706 9.222691639571186
7136.087701198673 4.040517716643704 8.878964606958538
7147.24556743875 3.5338028484471784 7.644077277024335
7153.16955782936 4.222745168346573 7.7198477847540925
7158.790888024259 3.7808330021503025 7.263710663113796
7160.346532152303 4.150106035780971 10.761704967057621
7174.961449105232 3.825974921425395 6.991600273011178
7181.25237276614 3.831125624439999 6.807392270451317
7184.072459710739 3.9781189928606895 7.787279897428233
7189.847493368879 3.5847986551861 7.613652438630783
7190.655899505572 3.6805748716261375 6.960647938820681
7195.413045138624 4.4365139022752835 10.197184955691789
