3.352873597608954
2.6502562147150837
3.330605417137312
2.9665828619599766
3.4531347559020102
3.2737589235442934
2.5042080755084988
3.2992443854595637
3.1720868499028665
3.3137382294438287
2.6225809815719416
3.192062288495107
2.936981344989185
3.31019592935676
3.16547633323116
3.0739957427417774
2.867298434257968
3.203562739547134
3.349393438755066
3.107625940235656
3.471707864550065
3.4144852670260475
2.731598039305612
3.4003067133373195
2.9897336922360056
2.8299665418065443
2.9956912472800963
3.3087661484014834
3.458514336568224
2.8763493231712376
3.424965929292691
2.722569309147879
2.9487643688550307
3.0666918028214076
3.1928021964959066
2.5456404888172264
2.872689251704082
2.9983370470938486
2.7830512022052054
2.525145084935402
3.1272628726761664
2.674547265960623
2.698864532292548
3.455324034058619
2.6945453544316513
2.5351614403647744
2.5872816897663258
3.403471134577239
2.529072440562361
2.55821027741825
2.576530977992385
2.834035198339113
3.1455694573530293
2.7075744676482887
3.2725029209511542
3.4357997236239726
2.7187982933833204
3.2342048328558444
2.5910218909046074
2.7361436046433094
3.3603354265175946
3.3989125670193236
3.1326001588600763
2.918041608315165
2.792598556769645
3.0386894873908883
3.1862627320590087
2.5040613621426244
3.14324719521377
2.7855046370698533
3.46143492202419
2.938284900941156
2.63023378952514
2.5744265907147743
3.044637342025459
2.7852198120267713
3.2324964037746495
2.652910347073784
2.7695899359130314
2.8667057594717713
3.44992227335194
3.1841781647697327
2.547678463034674
2.7090195301902975
3.2626090461635244
3.1228245955378853
2.884973523861947
3.2745386191544723
2.7824019076661353
3.343779253593393
2.653802917643065
2.595459305998257
2.6156080980302967
2.7561728920917354
2.6057234571032923
3.237306101514798
3.241259061442349
2.6082116305677783
3.2088490547662616
3.1297959518840663
3.1487813202486086
2.767586082479157
3.335116735079329
3.4537629994204364
2.624968291977078
3.0733552544665774
2.9820116966899874
3.009643307859597
2.5136932898689586
2.8995921976626073
3.2452476070483773
2.949851365020218
2.8936760851219328
3.084268313971718
2.6182141091886892
2.912850303796962
3.3088639645359974
2.831253996979281
2.7028252606865726
3.213717009447585
2.6114663482612537
3.090161365602273
3.004893522554382
3.0417572334845726
3.277033850816693
3.1472460349806606
3.2244664722589707
2.865919552471622
3.288019008130145
2.887095244509832
2.84364197811371
3.2548929281476235
